2177643.7
3846821
5860115.662811239
7349551.7
9314883.033333333
10427754
8674063.266666668
11931121.98780122
10387904.433333334
13902373.966666667
15824096.066666666
16351663.100356631
14351521.814485218
13207731.135848554
14295059
15140312.866666667
18939035.2
20000499.01683053
17674179.333333332
20082574.566666666
20513514.466666665
17622912.9
20963659.733333334
22386771.933333334
26804713.766666666
27202808.8
23703404.433333334
22744198.966666665
24517934.466666665
30745744.466666665
29799428.533333335
24319386.4
23221292.366666667
31456011.766666666
27156742
32603035.5
26404624.966666665
27814017.166666668
32726016.233981807
32815651.711609613
28253831.3
29560541.7
28079983.233333334
33524823
33219714.133510903
33705383.51790881
34005909.91441036
26762552.166666668
