2185634.4455184825
3899121.2
5731741.033333333
7456073.790161312
9336196.960607879
10829965.1
10499378.3
11381730.333333334
12752821.666666666
12029523.8
13585276.333333334
14743142.166666666
14241208.366666667
13349953.7
16062842.4
18075197.666666668
21417817.733333334
16854305.366666667
17703428.166666668
23858125.266666666
20510764.933333334
24768703.166666668
25769393.866666667
23670120.37037037
26996308.6
21469247.3
18893512.533333335
22511616.466666665
29296662.266666666
30711016.866666667
24713353.666666668
29985394.933333334
24207467.1
26913254.333333332
26821360.966666665
33233701.233333334
25823914.466666665
27252708.166666668
33512579.233333334
28360831.866666667
33782750.666666664
34341487.17008798
28423977.733333334
28891917.7
28951280.366666667
29060540.633333333
30663496.3
28207009.1
