2206414.9585041497
3891686.7666666666
5752318.837682028
7219673.233333333
8937728.9
10467878.5
10522789.873417722
9611624.246260453
12952852.433333334
11770908.6
13435415.4
14096068.766666668
15694949.266666668
18250974.766666666
17098406.766666666
20416679.7
21502702.033333335
22219954.766666666
15676907.55295058
19889727
23584837.066666666
21485632.633333333
19002228
27666725.666666668
22152612.333333332
22493868.5
19396288.666666668
22243580.1
24876134.3
29929442.5
23939248.766666666
30437964.2
24585930.266666666
25871241.733333334
32900088.3
32593500
27223696.533333335
26940541.433333334
27826220.5
28486421.666666668
34584080.2
34521738.06984804
28425085.066666666
28621094.733333334
34811890.1
35196467.682379164
30672410.666666668
31578333.533333335
