7194244.604316547
3663003.663003663
3541912.632821724
3254678.6004882017
3378378.378378378
3642987.2495446266
3403014.098201264
3241491.0858995137
3064351.3789581205
3124023.7425804436
3262158.956109134
3200853.5609495863
3111536.620392532
2828854.3140028287
2832326.2839879156
2649884.0675720437
2578883.495145631
2552467.3851389675
2351485.1485148515
2333994.6318123466
2389894.161829976
2342668.5124054947
2317613.865376864
2384974.6596442414
2233139.7945511388
2271734.381826125
2058397.499428223
2220636.053612499
2184557.438794727
2085505.7351407716
2110710.151834956
2029684.1304072053
1982696.4671953858
1926236.4738541725
1988297.449298415
1921024.5464247598
1979456.451958057
1952422.5453424447
1897256.2755399884
1869420.9468617097
1827746.0770328103
1832061.06870229
1877811.258133543
1918548.879393041
1845321.0858689412
1784190.520518191
1818041.1573572645
1815225.2013765457
