21276595.74468085
11363636.363636363
16042780.748663101
17094017.094017096
20491803.278688524
23076923.076923076
26717557.251908395
28469750.889679715
30612244.897959184
32573289.90228013
35369774.91961415
36585365.853658535
31553398.058252428
31818181.818181816
32119914.346895076
31558185.40433925
32692307.692307692
31971580.81705151
35315985.13011152
35523978.68561279
36395147.313691504
36484245.43946932
35060975.6097561
38772213.24717286
34722222.222222224
33942558.746736296
35110533.159947984
35087719.298245616
35495716.034271725
36585365.853658535
36599763.87249114
34896401.30861505
38372093.02325582
34034034.034034036
38932146.8298109
36000000
37037037.03703704
33539276.25772286
35911602.209944755
33927056.82782019
35964912.28070176
34118602.76198213
36626916.52470187
35115722.26656026
37625418.06020067
35548686.24420402
38714991.76276771
36529680.3652968
