7407407.407407408
4950495.049504951
5016722.408026756
4449388.209121246
4686035.613870665
4267425.320056899
4455760.661998727
3970223.3250620347
3800675.6756756757
3913894.324853229
4001455.074572572
3915171.2887438824
4029758.2145071295
3513174.4040150563
3466605.0381326554
3379091.86906019
3347774.71445451
3275705.186533212
3257887.5171467764
3227368.081329676
3294117.6470588236
3159557.6619273303
3180309.7345132744
3228844.342795641
3099045.493987852
2953203.0895047705
2923976.6081871344
2870911.514405824
2824583.617415019
2810831.06905275
2720730.2088818676
2712783.994574432
2807554.874936192
2747918.8555726176
2637925.836599337
2654475.7410411444
2713007.772400645
2549137.988864292
2525579.5881362516
2614208.2216848573
2466462.1307826503
2474955.8043606365
2503784.7909630835
2418645.558487247
2498889.382496668
2425776.5121552497
2442827.4428274427
2404930.1067187735
