33333333.333333332
5747126.436781609
6369426.751592357
7339449.541284404
8741258.74125874
8771929.824561404
10574018.126888217
12213740.458015267
11968085.10638298
12515644.55569462
13664596.273291925
13872832.369942196
13211382.113821138
10971786.833855798
11952191.23505976
12461059.190031152
11675824.175824177
11992005.329780146
12442698.100851342
12461059.190031152
12704174.228675136
13422818.791946309
13981762.91793313
14226437.462951986
13736263.736263737
12269938.650306748
13081395.34883721
12641083.521444695
12730465.32045654
13043478.260869564
13047138.047138046
13599660.008499788
13687266.69431771
14032191.498142797
14033680.834001604
14417300.760913096
13405797.101449275
13319313.00385559
13096037.609133646
13149243.918474687
13290113.452188006
13261761.919797916
13230769.23076923
13513513.513513513
13644633.11097635
13780707.01018574
13843888.070692195
14234875.444839858
