16129032.258064516
7272727.2727272725
9202453.987730062
9546539.37947494
10570824.524312897
12396694.214876033
14170040.485829959
15180265.654648956
15873015.873015873
17035775.12776831
18032786.8852459
19017432.64659271
15169194.865810968
14418125.643666323
15544041.450777203
14883720.930232558
16159695.817490494
16697588.126159554
17025089.605734766
17137960.58269066
18025751.072961375
17557861.13328013
18744906.27546862
18195602.729340408
17857142.85714286
15294117.647058824
17045454.545454547
16222479.721900348
17726161.369193155
17381228.273464657
17846862.4064479
18539976.825028967
18623024.830699775
18065887.353878852
19125683.06010929
18779342.723004695
18463073.85229541
17773620.205799814
17535971.22302158
18264840.1826484
18279090.503789566
18095648.427401982
18494623.65591398
18227009.113504555
19363166.9535284
18400000
19246519.246519245
19169329.073482428
