1.3
14.5
0.2
0.3
0.4
1
1.2
1.1
1.9
0.5
1.3
1.5
0.1
2.6
0.1
0.4
5.6
0.8
2.2
1.3
0.3
1.6
0.7
0.2
0.7
0.6
0.3
0.2
0.7
0.2
1.2
0.7
1.5
1.1
0.3
1.9
0.2
0.2
0.8
0.7
14
1.3
2.2
1.6
0.6
0
0.8
0.8
1
1
2.1
0.7
1.3
19.5
0.1
0.2
1.1
0.2
4.5
1.9
2.5
0.2
0.4
0.2
0.7
0.7
0.1
0.2
0.3
0.4
1.9
0.9
0.2
1.1
1.3
0.6
1.4
1.2
0.9
0.2
0.3
0.2
0.5
0.2
1.2
0.2
2.2
3
0.2
0.2
0.7
0.5
0.3
0.2
0.2
1
0.4
0.8
0.8
0.1
1.4
0.2
0.1
0.1
0.2
0
0
0.7
0.5
0.3
1.6
0.3
0.2
1.3
9.7
0.7
0.9
1
0.3
1.1
0.1
0.4
1.1
0.1
0.4
0.2
0.2
0.3
1.3
0.7
0.7
0.1
0.1
0.4
0.8
1.2
0
2.5
1.7
0.4
1.9
0.4
0.8
0.4
1.2
0.9
0.1
0.1
0.1
1.5
0.1
0.1
0.4
2
0.8
1.9
0.4
1.1
1.3
1.5
1
0.9
0.2
1.3
0.1
2
0.2
1.2
0.1
0.6
1
0.6
1.3
1.3
0.7
0.5
0.9
0.4
2.4
0.1
1.1
0.5
0.1
0.2
0.5
1.5
0.9
0.8
0.1
0.1
1
2.3
0.5
0.7
0.6
0.1
1.4
10.8
0.5
0.2
5.9
7.4
0.8
0.6
0.6
1
0.1
0.4
1.4
0.1
0.2
0.8
0.8
0.3
1
0.2
0.5
2
0.9
0.2
1.4
2.2
1
1.3
0.6
0.5
0.9
1
1.3
13.7
1.2
0.2
1.8
0.1
1.2
0.1
0.9
10.7
0.9
0.8
0.2
0
2.1
14.3
0.6
0.8
0.1
0.8
2.8
2.3
0.3
0.7
0.1
2.2
0.4
0.5
0.7
0.9
0.7
1.3
2.1
1
0.2
0.2
0.1
0.2
0.7
0.1
0.3
2.2
0.6
0.2
1
2.5
0.2
0.2
1.2
0.4
1.9
0.5
0.7
0.2
0.7
0.2
0.8
0.2
1.5
0.2
0.9
0.8
1.4
1.3
0.3
10.5
1
1.1
4.5
0.9
0.9
1.8
1.4
0.3
0.5
2
0.3
0.1
2.2
0.1
1.7
5.8
0.4
1.5
0.3
0
0.1
0.2
0.5
0.9
0.9
0.2
2.2
0.2
0.2
1.9
2.2
1
0.6
1.2
0.7
0.1
0
0.2
1.1
0.1
2.4
0.1
0.4
0.4
0.1
1.6
0.1
2.4
1
0.3
0.4
1.2
1.1
0.3
1.8
0.3
1.1
0.9
2.2
0.3
1.2
0.9
0.2
2.9
0.5
1
0.3
1.8
0.6
1.1
0.5
0.1
2.7
0.1
0.1
1.2
1.5
0.1
11.9
1.3
1
1.2
0.4
0.7
1
0.3
1.3
1
0.5
1.3
0.7
0.4
1.8
0.3
0.1
10
0.3
0.2
1.5
0.9
0.9
0.6
14.9
0.9
0.6
1.1
1.2
1.2
1.5
0.3
0.2
7.5
0.1
0.8
0.9
0.4
2.6
0.1
0.2
0.9
0.6
0.2
0.8
1.1
0.8
2
1.8
0.5
0.7
1
0.2
2.5
2.4
0.3
1.7
1.6
1.5
1
1.3
1.3
1.4
0.7
0.3
1.3
1.3
0.2
1.2
0.3
0.7
0.2
1.4
0.2
1.1
0.8
0.6
1.4
0.8
2.5
1.4
1.1
2.1
0.2
0.7
1
1.9
0.7
0.9
1.5
0.1
0
0.1
0.2
0.1
0.1
2.1
0.1
0.6
0.1
0.9
0.2
0.1
0.8
0.7
14.6
2.4
1.8
1.2
1
0.2
0.6
1.1
1.9
0.3
1.1
0.8
1.1
0.8
0.2
1.4
1
2.3
0.2
0.1
1.1
0.9
1.3
0.7
0.1
1.3
1.6
0.3
1.4
0
0.1
0
0
0.1
0.1
0.7
8.3
0.5
0.2
0.2
0.8
0.8
2.6
0.3
1.4
0.5
2.7
1.7
7.6
0.1
0.6
0.6
1.4
0.1
1.3
0.2
0.9
11.5
0.2
1.4
1.4
0
0.7
0.1
0
0.1
2.4
1.4
1.1
1.2
0.4
2.1
0.4
1
0.2
1.7
0
0.7
0.2
0.2
0.3
0.4
0.8
0.2
1.4
0.4
0.9
0.2
1.3
0.2
1.1
1.3
0.6
1.5
0.3
0.1
1.1
1.5
1.3
2
0.2
7.3
0
1.4
1.4
1.7
0
2.3
0.4
1
0.4
0.7
1.8
0.7
0.7
1.5
2.4
1.1
1.6
0.3
0.5
1
1.4
1.2
0.7
0.4
0.1
1.2
1.8
1.5
0.2
0.9
0.8
0.3
0.2
1.3
1.7
0.6
1.9
0.6
0.6
1
0.8
1.4
1.3
1.5
1.1
0.4
0.2
2.2
0.5
0.4
2.6
0.6
2.2
0.8
0
0.3
1.4
1.4
0.2
1.2
1.5
1.2
0.3
0.9
15.1
0.2
0.1
0.3
16.9
0.2
0.9
0.3
0.1
0.1
1.3
0.4
1.8
1.1
0.1
0.1
0.1
0.1
16
0.2
0.1
0.3
1.9
1.5
1
0.2
0.2
1.3
15.2
0.9
0.1
0.2
0.1
0.2
1.2
1.6
0.1
0.2
2.5
1.4
1.8
1.2
15.8
1.5
0.6
1.1
0.4
0.3
1.1
2.6
0.1
1.3
2.1
0.8
2.8
0.2
1.2
1.2
1
0.9
0.1
0.1
1.8
1
0.1
0.1
1.5
1
0.3
1.4
1.5
0.9
0.1
0.2
1.4
0.1
1.3
1.1
1
1.5
1
1.2
0.9
0
0.2
2.6
1.1
0.9
1.5
0.2
2
0.2
1.3
0.2
1
1.9
0.3
1.1
0.9
0.3
0.7
0.6
0.2
1
0.9
1.8
1.1
0.2
0.1
1.1
0.5
0
0.4
0.3
1.3
13.6
0.3
1.5
1.8
1.4
0.3
0.1
1.2
0.7
0.1
0.9
0.2
0.2
0.7
1
0.1
1.5
8
0.8
0.3
2.2
0.2
0.1
0.4
1.2
0.3
12.4
0.1
0.8
12.7
13.2
2.3
0.7
1
0.9
1.3
0.2
1.9
0.6
1.4
2.4
0.1
0.2
1.9
0.4
0.1
0.2
0
7
0.7
1.5
13.2
0.2
8.1
0.7
0.7
1.1
0.1
0.5
0.4
0.1
1.4
0.3
1
1.4
0.1
0.9
0.2
0.6
0.1
1.4
0.9
1.5
1.8
0.8
1.4
1.1
0.9
2.2
3
2.4
0.1
0.3
1.3
0.1
0.7
1.6
1.2
0.1
0.1
0.1
0.1
1.2
0.3
0.1
1.2
0.2
0.9
0.6
15.2
1.8
0
0.7
2.3
2.1
0.2
1.2
0.7
0.8
0.1
0.1
1.1
1.4
0.1
1.5
0.8
0.5
0.1
0.9
1.2
1.1
1
0.5
1.4
0.1
1.5
1.1
0.2
0.2
0.8
0.3
0.1
0.1
0.9
0.1
0.9
0.8
2.1
1.9
1.4
0.1
0.1
0.1
1.3
1
5.3
0.1
2.1
0.2
0.9
2.2
0.6
0.2
1
2.6
1.7
1
12.7
1.6
2
0.5
0.1
1.5
0.4
1.7
0.1
0.8
1.8
0.1
1.1
1.3
1.1
1.2
2.1
0.8
0.2
1.6
0.8
0.1
0.3
0.8
0.1
0.1
0.9
2
0.9
0.9
0.6
0.4
0.6
0.8
0.2
0.4
0
1.9
0.3
0.9
0.8
0.5
0.7
1.8
11
0.6
1.7
0.2
0.3
2.6
0.1
0.6
0
0.1
1.8
1.2
0.2
0.4
1.7
0.6
0.2
0.2
0.2
1
0.1
0.2
1.9
0.3
1.1
0.2
1.1
1.1
0.9
1.7
1.3
0.7
1.3
2
0.8
0.1
0.8
0.1
0.7
0.2
0.8
0.1
2.1
1.6
0.1
0.1
0.8
0.4
0.2
2
0.1
1.2
1
1.1
0.9
0.4
1.2
0.6
0.4
0.5
0.2
0.9
2.3
0.5
0.2
1.2
0.4
1.4
0.8
0.2
0.3
0.8
1
0.9
0.1
0.2
0.6
2.7
2
0.6
0.2
0.8
1
0.8
0.4
0.2
1
2.4
2.1
1.3
0.7
2
0.3
0.1
0.8
2.6
0.1
0.9
0.9
2.1
1.5
15.4
0.9
0.1
1.7
1.8
2.1
0.2
0.7
0.7
2.1
0.1
1.4
0.3
0.1
1.9
0.9
0.4
1.2
2.2
2
0.2
3.1
0.2
0.9
1
2.3
0.4
0.6
0.1
0.7
0.9
0.4
0.2
0.1
0.1
0.9
0.9
0.1
0.2
0.9
1
3
0.4
1.4
2.6
2
2.1
0.3
0.8
1.6
1.3
0.6
8.9
0.6
0.8
0.1
0.5
1.2
0.1
0.1
2.1
2
0.3
1.1
0.4
1.6
0.7
1.2
0.7
0.7
9.5
1.4
0.9
0.2
0.5
0.9
0.9
1.4
0.6
1.2
1.2
1
0.2
0.1
0.1
1.3
2.2
1.3
0.8
0.2
1.4
0.3
1.6
0.9
1.8
1.7
0.1
1.8
0.1
0.2
0.6
0.3
0.3
1.1
0
1.2
1
0.1
0.9
0.2
11.9
1
2
1.2
0.6
0.8
2.2
0
0.4
0.6
2
0
0.8
4.9
1.1
1.7
0.7
0.9
0.2
0.3
1.2
1.2
0.2
1.2
0.1
1.6
0.3
1.7
0.1
1.3
1
1.6
1.5
1.5
16.3
14.5
1.5
0.9
0.2
0.6
1.2
1.4
0.1
1
0.1
1.2
0.9
2
1.3
1
0.1
10.8
1.7
2
1.1
12.9
15.1
1.1
0.1
1.4
1.2
0.1
0.2
2
2
15.3
1.2
0.9
0.2
0.1
1.6
1
1.2
1.4
0.1
0.1
0.1
0.5
0.3
1.2
1
0.2
0.4
1
0.1
1.7
0.2
0.6
0.3
15.3
0.2
2.5
2.5
2
0.9
0.1
1.1
0.2
1.1
0.2
0.7
0.5
0.5
2.6
0.2
0.7
0.3
0.2
1.2
1.3
1
0.9
0.2
1.1
0.3
2.9
0.3
0.2
0.3
2.9
2.2
0.2
0.2
0.2
1
0.3
0.2
0.8
0.5
0.1
0.8
2.1
1.2
2.6
12.7
0.1
0.8
0.2
8.4
0.4
0.4
0.7
0.8
0.7
2
0.9
0.8
0.9
0.1
8.5
0.8
0.9
0.2
0.2
0.1
1.1
5.4
0.7
0.1
0.7
1.8
1.1
2.5
1.7
1.8
0.1
0.1
1
0.9
1
0.9
1.1
1.1
0.3
0.8
1
0.2
0.2
1
0.5
1.1
0.8
0.4
2.2
0.7
2.6
0.1
0.5
0.2
0.2
0.2
1.7
0.8
0.7
0.9
15.5
0.9
0.8
0.3
1.2
0.4
0.3
1.8
0.1
1.2
1.1
0.3
1.4
0.7
2.2
0.3
8.9
0.3
2.6
1
0.7
0.8
0.1
2.4
0.1
0.8
1
12.8
0.1
2.3
0.6
3.7
1.4
1.1
1
1.2
0.1
1.3
0.1
0.1
0.9
0.8
0.1
1.2
0.2
0.1
1.6
1.1
1.4
0.2
0.1
1.4
0.1
0.1
1
0.1
1.4
1.4
0.5
0.1
0.5
17.4
1.1
0.8
1.1
0.1
1
0.5
0.2
0.1
1.6
14.8
1.2
0.2
0.2
0.8
1
1.4
0.2
0.1
1.1
0.8
1.2
0.8
0.1
1.8
0.1
0.9
1.2
0
1.4
1.4
0.2
1
1.1
14.1
2.3
0.1
0.2
1
2.6
0.1
1.3
0.1
0.2
2
2.2
0.1
0.9
0.7
0.1
0.1
1.4
0.1
7.5
0.1
0.1
0.5
0.2
0.3
0.4
3.3
0.1
0.8
9.4
2.5
1.8
1.1
1.1
0.2
0.3
1.7
0.4
0.7
1
0.3
0.2
1.3
1.7
0.7
2.7
2.4
2
1.1
0.2
1.4
0.6
1.6
0.4
2
1
0.7
1.3
0.1
0.9
1.1
10.3
2.1
0.1
0.7
0.6
1.8
1.2
0
1.7
0.6
0.2
0.1
1.9
2.1
0
0.1
0.7
0.7
0.5
2.5
6.6
16
0.5
0.1
0.3
0.8
0.6
0.6
1.1
1.9
0.1
0.6
0.7
11.8
0.6
1
0.8
2.2
0.2
0.8
2
0.1
0.8
1
0.1
0.1
8.4
0.8
1.7
0.3
0.8
0.9
2.1
1.6
0.1
0.5
0.4
1.1
1.7
1.4
16.6
0.9
0.5
2
0.2
0.9
0.7
0.2
0.9
0.2
0.8
0.6
0.1
2.4
1.1
1.3
1
1.2
0.8
1.1
0.2
0
1.1
2.1
1.9
0.6
1.7
0.2
0.1
1.2
0.2
0.7
1.1
1.6
0.9
0.5
2.5
0.4
1
0.9
1.4
0.5
0.1
0.2
1.6
0.6
1.1
1
0.3
0.1
0
0.2
0.2
1.3
1.9
1.6
0.9
1.5
2.1
1.6
0.9
0.2
0.9
2.3
1.5
1
0.1
0.1
5.8
6.8
1.1
2.9
2
0.1
0.1
1.4
0.5
2
0.7
0.1
0.1
0.5
1.7
0.2
0.2
0.5
0.5
0.2
1.1
0.5
0.5
0.3
1.2
0.9
1.6
1.3
1.9
0
1.9
2
2
13
0.1
1.8
0.1
0
15.7
1.4
2.2
1.5
0.2
2.1
1.1
0.1
1.3
0.5
0.7
2.1
0.2
0.4
0.8
1.5
1.3
0.8
0.2
1.9
0.9
0.1
0.8
1.2
0.8
0.8
0.6
1.1
0.2
0.1
1.1
0.4
10.8
13.4
10.3
1.4
0.1
0.3
0.2
0.2
0.7
0.2
0.2
0.1
0.5
0
1.2
0.1
2
0.1
0.4
0
1.2
0.2
0.3
0.2
2.3
0.9
0.8
0.2
2.2
0.7
0.3
2
0.1
0.7
0.5
0.1
0.6
1.3
0.9
0.3
2.4
2
1.3
2
0.2
0.2
0.8
0.2
0.7
1.5
0.3
0.2
0.6
0.4
0.2
1.7
1
0.5
1.7
0.2
1.2
0.7
0.7
1.8
10.3
0.3
0.1
0.8
0.8
7.8
0
0.9
1.1
0.1
0.1
1.2
1.9
0.2
1
1
0.2
0.2
1.2
0.2
3.8
1.3
0.8
0.1
0
0.2
1.6
1.2
1.2
0.3
15.1
1
1.5
1.3
0.7
0.1
1.5
1.4
0
0.2
0.2
1
0.3
1.1
1.4
2
0.5
1.1
0.3
0.1
0.8
0.9
1
1.5
0.1
1.6
1
0.1
1.3
17.4
0.1
2.9
1.3
0.3
1
0.2
1.8
0.1
1.1
0.2
0.2
0.2
0.9
1.1
0.3
2.6
1
1.2
1.2
0.7
1.2
1.3
0.2
0.1
0.4
1.2
0.6
0.5
1.2
0.2
1.3
2
16.1
0.9
0.2
0.9
2.4
0
0.6
0.5
0.6
0.1
2.1
2.4
1.1
0.7
0.6
0.1
2.1
10.8
0.3
0.2
0.2
1.7
13.5
1.5
0.4
1.1
0.4
0.1
0.3
0.2
2.5
1.9
9.5
0.6
0.8
0.8
0.8
0.8
1.1
1.4
0.1
0.7
0.2
2.3
0.6
0.1
0.7
2.8
1.7
0.6
0.1
1.7
11.1
0.2
2
1.5
2.1
0.4
0.9
0.3
0.1
2.2
0.2
0.1
1.1
0.3
0.5
0.3
0.2
1.1
0.4
1.9
0.6
2.8
0.3
0.7
1.6
0.2
0.4
1.4
0.5
9.4
2.2
2.5
2.1
12.2
1
0.3
0.1
1
1.7
1.6
0.3
1.3
0.9
0.1
0.6
0.7
1.4
1.1
1
0.7
0.5
0.5
1.1
1.4
0.2
1.3
0.9
0.1
0.7
1.2
3.2
0.1
0.9
0.2
1.3
2.1
0.1
0.2
0.1
0.8
1.1
0.1
1
1.5
0.6
1.1
1.3
2.5
1.3
6.2
1
0.4
1.7
0.1
1.2
1.5
0.8
2.3
1.9
0.2
0.1
1.6
0.1
2.1
14.1
0.8
0.2
0.1
0.1
0.1
0.6
0.1
2.5
0.9
1
1.3
0.2
0.9
0.1
0.7
1.4
1
0.1
0.4
0.1
2.1
1.1
0.2
0.1
0.1
0.1
2.3
1.1
2.4
0.1
0.9
0.6
0.1
1
1.8
1.2
0.1
0.8
0.7
0.8
0.1
0.7
1.2
5.9
1.2
1
1
0.1
0.5
1.4
0
2
0.3
0.8
1.9
2.1
0.1
0.2
1.9
0.9
1
0.1
0.2
0.1
1.1
1
1.2
6
0.1
1.1
0.1
2
0
0.4
1
1.2
0.8
0.1
1.3
1.6
0
0.2
0.3
0.7
1.4
0.2
1.2
2.2
2.7
0.2
0.4
7.6
1.1
0.5
0.8
0.4
9
2.3
0.3
1.3
1.4
0.8
0.5
13.6
1
1.6
1.3
0.5
0.1
0.8
1.6
0.4
0.5
2.7
0.1
0.2
0.8
1.7
1
1.3
0.3
0.6
0.1
1.1
0.4
1.4
0.7
0.7
2
1.4
2.3
0.1
0.6
0.8
1.2
1.8
0.9
0.5
4.8
0.2
1.3
1.3
1
10.6
1
1.4
1.2
0.1
1.4
0.2
0.7
0.2
0.3
0.3
0.1
1.5
0.3
0
2.2
1.8
0.2
1.2
0.3
0.9
0.1
0.1
0.3
0.7
1.1
1
0.1
0.1
0.3
1.6
0
0.7
1.8
1.3
6.7
0.1
0.9
0.4
0.7
0.8
1.1
0.1
2.5
1.1
1.6
1.3
0.8
0.6
0.1
0.1
6.5
1.1
15.1
1
1.3
0.2
0.6
1
0.5
1
1.1
0.3
1.2
0.1
0.2
1.2
1.2
1.1
1.3
0.8
0.1
2.2
0.9
1.3
0.4
0.6
0.1
0.9
1.2
1.2
1
17.3
0.2
2.2
0
0.7
0.1
0.5
0.1
1.6
0.1
0.1
1.3
0.6
0.4
0.1
1.9
2.2
0.2
0.1
0.2
1.2
1.7
0.3
0.8
0.5
0.4
0.2
0.5
1.3
0.3
0.9
0.1
0.1
11.2
2.5
0.1
0.2
2.1
0.9
1.4
0.6
0.1
1.9
0.3
0.6
0.6
0.8
1.2
0.1
0.1
0.1
0.3
0.1
0.3
0.2
1.9
0.1
1.2
0.2
0.1
1.9
0.1
8.7
0.1
0.2
0.2
2
9
1.3
1.8
2.3
0.7
0.5
0.1
0.1
3.5
0.2
0.2
0.2
0.9
1.8
2
1
0.2
0.6
1.1
1.2
1.1
0.3
0.1
1
2.1
1
1.1
1.2
7.6
0.2
0
0.9
0.4
0.3
2
1.7
1
0.1
1.2
0.9
1
1.7
0.1
0.1
2.4
0.2
0.6
1
1.8
0.2
0.9
0.3
0.6
0.6
1.1
0.8
0.1
11.5
5.1
2.9
1.5
0.1
1.1
0.5
1.2
10.4
0.2
1.2
0.1
0.8
0.9
1.6
0.6
