9615384.615384616
3984063.74501992
3073770.4918032787
3442340.791738382
3623188.4057971016
3316749.585406302
3338102.0505484026
3411513.8592750533
3887688.9848812097
3549875.754348598
3578399.47950553
3367948.3581251753
3071107.961256792
3187613.843351548
2669989.3200427196
2839900.6034788783
2396053.5588442567
2706766.917293233
2422542.3944919035
2413418.6074574636
2234755.7731190803
2156017.248137985
2151342.2504910673
2319512.902290519
2052376.652163205
2186527.6259355815
2091888.1227241033
2059126.3421091337
2070245.5739577385
2252759.6305474206
2018097.780092442
2002127.2602139774
2214913.752600846
1888469.229060209
2107037.5052675935
1896533.5581076809
1955085.8652575957
1763995.9149568286
2044025.1572327043
1862370.798025887
2007442.2248335292
1891465.8860616977
1820182.8648831698
1882916.8093118796
1884895.7024377985
1800884.7825235876
1929313.2465826527
1820388.349514563
