6944444.444444444
5780346.820809249
6396588.486140725
5305039.787798408
5707762.557077626
5150214.592274678
5150846.210448859
5665722.3796034
4945054.945054945
4972650.4226752855
5052824.9885163065
4842615.012106538
4730713.245997089
4883153.121730031
4696305.57294928
4291845.493562232
4481940.416556816
4294917.680744452
4443405.051449954
4236390.595212879
4417332.772402188
4469727.752945957
4203216.374269006
4387568.555758684
4260395.364689843
4073319.7556008147
3854389.721627409
3827227.993439038
4112891.788398809
3776910.487221453
4268796.474800331
3833253.473885961
3899326.479971641
4104792.9494144632
3742915.196235697
3683995.0880065495
4100631.7189404853
3696498.054474708
3815300.3326159264
3619254.4335866813
3665623.6030397853
3831767.1745278714
3543469.3036670787
3907290.64914306
3607792.8325182395
4030844.724851034
3876928.153097418
4008350.730688935
