28571428.57142857
19047619.04761905
27027027.027027026
29411764.70588235
38461538.461538464
44444444.44444445
51094890.510948904
59701492.53731343
69230769.23076923
67567567.56756757
79136690.64748201
75000000
94202898.55072464
82352941.1764706
88235294.11764705
85106382.9787234
79069767.44186047
83333333.33333333
81545064.3776824
127388535.03184713
105000000
90163934.4262295
93117408.90688258
129729729.72972973
96899224.80620155
106122448.97959183
117903930.13100436
103321033.21033211
148717948.7179487
110701107.01107012
114391143.91143912
118959107.80669145
121323529.41176471
200000000
179487179.4871795
188481675.39267015
204419889.50276244
147859922.17898834
215469613.2596685
136054421.76870748
178260869.5652174
222222222.2222222
151943462.8975265
154385964.9122807
161870503.5971223
215962441.31455398
167259786.47686833
178438661.71003717
