3861003.861003861
5586592.17877095
8152173.9130434785
10282776.349614397
12722646.31043257
14251781.472684085
12867647.05882353
14388489.208633093
11320754.716981132
13513513.513513513
11410788.381742738
14101057.579318449
10268562.401263824
11945392.491467576
10615711.252653928
11756061.719324026
12142857.142857144
14062500
10237068.965517242
14609203.798392987
8997429.305912597
12074643.24917673
10365029.292474087
13566986.998304127
7447125.409591897
12658227.848101266
8555133.07984791
11137629.276054097
8328546.81217691
12274959.083469722
8511806.699615596
9362200.1170275
8287292.817679558
10708661.417322835
7658643.326039387
10235996.588001138
6462882.096069869
10632344.711807499
6539235.412474849
9478672.98578199
7672155.688622754
10835913.312693499
7065395.990798554
7219031.993437244
7212694.3420419935
11366444.279713368
8261557.391457198
10362694.300518135
