3968253.9682539683
5917159.763313609
9146341.463414634
12269938.650306748
15384615.384615384
18575851.393188853
21671826.625386998
18058690.744920995
26011560.693641618
29673590.50445104
23060796.645702306
27649769.585253455
22608695.652173914
30905077.262693156
24549918.166939445
28933092.224231463
28571428.57142857
33027522.935779817
38775510.20408163
42462845.010615714
35117056.85618729
37800687.285223365
48319327.73109244
39408866.99507389
51020408.1632653
42904290.429042906
40785498.48942598
44374009.50871632
45454545.45454545
51724137.93103448
50000000
51118210.86261981
53484602.91734198
54140127.38853503
51169590.64327485
59113300.492610835
53701015.96516691
62295081.96721312
55555555.55555555
86206896.55172414
73741007.19424461
81871345.02923976
83172147.00193423
93418259.02335456
87719298.24561404
63711911.35734072
80756013.74570447
85257548.8454707
