3906250
6097560.975609756
9009009.00900901
11560693.641618498
15432098.765432099
16574585.635359116
19283746.55647383
24615384.615384616
18828451.88284519
18181818.181818184
15827338.129496403
20000000
26530612.244897958
24647887.323943663
26132404.181184668
34707158.35140998
24390243.902439024
31195840.55459272
39094650.20576131
34602076.12456747
30612244.897959184
29372496.662216287
40350877.19298246
36308623.29803328
33068783.068783067
43993231.81049069
43760129.659643434
45602605.863192186
36024844.72049689
49916805.32445923
43417366.946778715
46376811.5942029
54545454.54545455
56761268.78130217
51470588.23529412
52631578.94736842
49531459.17001339
50531914.89361702
43478260.86956522
57471264.36781609
56944444.44444445
78358208.95522387
62318840.57971015
79422382.67148015
67466266.86656672
83941605.83941606
82311733.80035026
84358523.7258348
