4032258.064516129
6097560.975609756
9375000
12269938.650306748
15576323.987538941
18808777.429467086
21671826.625386998
25396825.396825396
26239067.055393588
21231422.505307857
24608501.118568234
20442930.153321978
29748283.752860412
31111111.111111112
26548672.566371683
26890756.30252101
31078610.603290677
31141868.512110725
32478632.47863248
33840947.546531305
36521739.13043478
35947712.41830065
50108932.461873636
38338658.146964855
44169611.30742049
40310077.51937985
45302013.422818795
44444444.44444445
46325878.594249204
49833887.04318937
52276559.86509275
52117263.84364821
55276381.90954774
50822122.57100149
46419098.14323607
52785923.753665686
60162601.62601626
57401812.688821755
64676616.91542289
74074074.07407407
69256756.75675675
80000000
77199281.86714542
82551594.7467167
69018404.90797547
79447322.97063904
76547231.27035831
86799276.6726944
