4048582.995951417
5899705.0147492625
9287925.696594426
12307692.307692308
15337423.312883435
19169329.073482428
16786570.743405275
24096385.542168673
18633540.372670807
29154518.95043732
31976744.18604651
26490066.225165565
21630615.640599
30769230.769230768
26455026.455026455
33755274.26160338
27375201.288244765
30769230.769230768
30744336.56957929
32520325.203252032
42510121.45748988
37037037.03703704
36624203.82165605
41739130.43478261
48543689.32038835
43333333.333333336
43200000
47058823.52941176
40673211.78120617
48780487.80487805
44412607.449856736
51282051.28205128
50847457.62711865
54313099.041533545
54095826.89335394
59602649.006622516
53468208.09248555
61191626.40901771
59907834.10138249
63091482.64984227
68791946.30872484
86419753.08641975
65349544.07294833
87301587.3015873
75503355.70469798
86303939.96247655
84684684.68468468
94674556.21301775
