3164556.9620253164
3262642.740619902
4120879.1208791207
4085801.8386108275
3940110.3230890464
3898635.477582846
2357696.1940047154
2170963.3649932155
1744862.3497479644
1416831.9637291017
1657375.3201747776
1601067.3782521682
1083333.3333333333
1121255.8065032838
1133615.477629988
1115993.5830368975
1040455.3522247383
775761.7549454812
757938.4075315143
895375.3861306353
577113.3340661756
660521.812231663
685789.2539805594
501263.6019967
342714.57359452755
629143.8803658714
274999.4907416838
239773.24301874512
518755.70184068836
196692.93610102148
414982.19592514256
435226.113566814
179480.48557629553
396335.06632783904
411609.74691880704
303997.5680194558
294813.66979275394
135630.4854500612
138422.55080817474
230645.9239099097
109551.85276230989
251694.44294626324
248146.1176674265
103481.4450713434
97830.34044958476
95475.89544974336
144856.06854465883
87512.99020948423
