1432664.7564469913
641848.5237483954
401284.1091492777
301886.7924528302
262274.4439781788
246923.74171776616
152031.79636426817
157731.81647903152
135313.92831368776
152578.57796765334
125636.74989149554
107705.42566081767
90652.98039106301
104027.34433050973
85394.66567988387
96737.52690512467
78684.39688409788
83043.83330334528
60714.51396433821
67345.05586272384
68430.87992335741
68088.89934294212
59407.42386163753
60773.64854599046
42590.52616336022
57702.764184338135
49215.46896873542
51805.99395350042
43718.680841569534
45650.98301783432
40133.19040739072
40982.71425955121
38517.923673816214
41753.90982383534
37031.11989512787
40642.69650743761
35084.724869380516
38230.1454757641
34625.2087500566
39084.10312731451
35753.77681969283
