4975124.378109452
6872852.233676976
10033444.816053512
11834319.526627218
15527950.310559006
16438356.164383562
19073569.48228883
22038567.493112948
22959183.673469387
26385224.274406333
30054644.808743168
32432432.43243243
31476997.578692492
26974951.83044316
34482758.62068965
33684210.526315786
32629558.541266795
36511156.186612576
35984848.484848484
37878787.878787875
39923954.37262358
50228310.502283104
50772626.931567326
40268456.37583893
40518638.573743924
46099290.780141845
50185873.60594796
50269299.82046679
52441229.65641953
55147058.823529415
51239669.4214876
50235478.80690738
58201058.2010582
32850241.54589372
58333333.333333336
53333333.333333336
61666666.666666664
56296296.2962963
67590987.86828423
58139534.88372093
60382916.05301914
64417177.91411043
60906515.58073654
64896755.16224189
57106598.98477157
70552147.2392638
58312655.08684864
60000000
