5494505.494505495
5649717.514124294
7978723.404255319
9523809.523809524
10964912.280701755
12793176.97228145
14644351.464435147
16227180.527383367
17475728.155339807
18621973.929236498
19784172.661870502
21126760.563380282
19637462.23564955
19047619.04761905
20000000
20330368.487928845
19450800.915331807
20156774.91601344
20299145.2991453
23980815.347721823
21671826.625386998
22564102.564102564
23517382.413087934
23598820.05899705
20576131.6872428
23193577.1632471
24107142.85714286
25570776.255707763
23596419.853539463
24529844.644317254
24294670.846394986
24371667.93602437
23930384.336475708
23709902.370990235
25584795.321637426
26086956.52173913
27715355.805243447
23646546.359676417
25210084.033613447
24600246.002460025
23124647.490129724
23424428.332403794
24557395.77384352
25655976.67638484
26769779.89292088
26806526.806526806
25655021.834061135
26359143.327841844
