7692307.692307692
3205128.205128205
5769230.769230769
5673758.865248227
6112469.437652811
7159904.534606205
8120649.651972158
8385744.234800839
9249743.062692704
9737098.34469328
10426540.284360189
9958506.22406639
9745127.43628186
8134805.345729227
9101941.747572815
8743169.398907105
8956796.628029505
9146341.463414634
9968520.461699896
10764262.648008611
11105235.325224748
10784313.725490196
11517275.913870806
11434016.198189614
11399908.800729593
9897221.1648268
10392609.699769054
10715652.506697282
11123897.199846568
10877447.425670777
10682288.077188145
11122697.254084116
10570147.34144779
11322011.322011322
11051468.266498264
11374407.582938388
10768335.273573924
10340136.05442177
10878661.087866109
10542962.572482867
10545267.489711935
10727969.348659003
10627780.523974296
10287584.755669862
10683760.683760684
11049723.756906077
11616411.270390509
11259676.284306826
