5952380.952380952
3883495.145631068
5263157.894736842
6525285.481239804
7331378.299120234
8462623.41325811
9345794.392523365
10349288.48641656
10701545.778834721
11778563.015312131
12387387.387387387
13186813.186813187
11045029.736618523
10946051.602814699
10445682.451253481
11235955.056179775
10821133.036282623
11605415.86073501
12281835.811247576
12399256.044637322
12650602.409638554
12401352.874859076
13601419.278533412
12725344.644750796
12860082.304526748
12954658.694569008
12442396.313364055
12544802.867383512
12241452.089489236
13054830.287206266
13047138.047138046
12209080.503624571
13301088.270858524
13183404.420317953
13098802.39520958
13538924.407672057
12865090.403337969
12144455.097475233
12353500.158378208
12928248.22236587
12925598.991172763
12367491.166077739
13370646.766169155
13353566.009104704
14053716.427232979
14158202.523853494
14551083.59133127
13816925.73402418
