6134969.325153374
4329004.329004329
5244755.244755245
6802721.088435374
7716049.382716049
8207934.336525308
9032258.064516129
7684918.347742556
8287292.817679558
11261261.261261262
12249443.207126949
13001083.423618635
10441767.068273092
11146496.815286623
11269722.013523666
10249839.846252402
11683848.79725086
11772400.261608895
11501210.653753027
12353304.508956145
11871113.62351611
11930585.68329718
12763596.004439512
12882447.66505636
12761613.067891782
11299435.028248588
11774967.291757522
13145539.906103287
11253395.421032207
12345679.01234568
11481481.481481481
12658227.848101266
12204142.01183432
13198757.763975155
12862918.044836458
12991699.747383617
12020792.722547108
11919698.87076537
12922465.208747515
12874155.13356936
12868801.004394224
12291483.757682178
13603290.09807023
12658227.848101266
12355848.434925865
12943162.633652223
13572047.357782269
13563153.433173213
