7518796.992481203
3355704.697986577
2938295.7884427034
5934718.100890208
5330490.405117271
8241758.241758241
9749303.621169917
10709504.6854083
8653846.153846154
8278145.695364239
8928571.42857143
10619469.026548672
9833585.476550682
8191925.102399064
8422234.699606963
9428403.064230995
9254218.835057158
9787928.221859707
10144153.76401495
10593220.338983051
9523809.523809524
10270774.97665733
10526315.789473685
10859728.50678733
11230907.457322551
10069713.400464756
10119940.029985007
10542168.674698794
10346057.795219408
9983361.064891847
9800822.004426178
10992785.98419787
11205432.937181665
11195258.478761936
11178537.208559565
12153950.033760972
10924121.641570712
10894495.412844036
10794353.722668143
11052777.010223819
10451185.317359164
10574018.126888217
11134127.395132056
10958904.10958904
11464968.152866242
11420059.582919562
11206485.455412494
11869436.201780416
