5181347.150259067
5681818.181818182
7874015.748031496
9615384.615384616
12500000
13071895.424836602
15151515.151515152
16949152.542372882
18108651.91146881
18975332.068311196
15536723.163841808
21543985.637342907
16229712.858926343
16336056.009334888
16685205.784204671
16985138.004246283
21656050.955414012
21818181.818181816
22754491.017964073
20964360.587002095
18600531.443755537
24691358.02469136
22482893.450635385
24716786.817713697
21910604.73269062
21018593.371059015
21600000
20304568.527918782
25416301.489921123
22107590.27266028
21102791.01429544
23774145.6166419
23672883.787661407
23319615.912208505
24857954.545454547
22684310.01890359
22036926.742108397
23114355.231143553
24390243.902439024
22136137.244050913
20961145.194274027
20771513.353115726
23756906.077348065
23218997.361477572
23510971.786833856
24771136.241249327
22804463.85249879
24365482.233502537
