0.7
1.6
1.2
0.3
0.8
0.4
2.4
1.6
1.7
2.1
2.2
0.2
10.1
1.9
0.5
2.1
16.4
0.9
1.2
2.2
1.3
0.4
1.6
1.2
0.8
1.4
1
1.7
1.6
2.7
2.5
2.4
0.9
0.6
2.4
1.2
2.6
2.1
0.4
1
2.6
1
2.2
0.7
1.5
1.1
0.7
1.4
2.2
2.6
0.2
0.2
0.9
1.1
2.1
1.5
1.5
2.4
1.4
14.9
2.1
16.7
1.3
3.6
1.5
0.4
1.2
0.2
2.2
1.1
0.4
1.4
4.8
1.1
1.5
0.9
1.2
1
2.6
1.3
2.2
1.9
2.2
2.4
2.7
1
1.8
1.8
0.4
2.6
2.6
1.1
1.2
0.9
2.3
1.4
1.1
1.1
0.8
0.7
0.9
1
2.9
0.9
1.5
2.1
2
1.8
0.2
2.2
0.7
2.5
1.7
2.2
2.1
2.8
2
1.7
2.8
2.4
1.8
2.6
1.3
1.2
1.2
0.5
0.3
0.7
1.9
3.1
1.1
2.7
1.1
0.8
0.2
2.1
2
2.5
1.4
1.1
1.8
0.4
1.9
2.4
2.7
5.9
1.2
0.8
0.2
2.1
0.9
1
0.9
0.2
1.2
2.8
0.4
0.4
1.6
0.3
0.3
3.4
2
0.8
0.6
2.1
0.1
0.8
2.2
5.5
0.9
0.8
2.5
12.5
1.9
2.2
2
2.1
1.9
2.4
1.6
1.6
1.5
2
1.4
1.5
11
0.8
1.7
0.8
0.7
0.9
1.6
1.3
1
0.8
0.7
1.8
2.5
2.7
0.2
1.9
1.6
1.1
1.1
1.1
2.1
1.9
0.8
1.7
2.4
0.3
1.8
2.1
2
0.9
0.8
0.3
0.8
0.5
0.9
0.4
1.4
1
5.3
0.2
3.2
1
1.7
1.3
1.4
1.1
2.5
3.1
1.3
0.8
1.3
1.8
1.5
1.9
1.6
1.2
2.5
1.8
0.8
1.8
3
1.8
0.8
1.8
2.9
1
1.4
1.2
2.1
2.5
1
0.6
1.2
2.3
1.6
2.3
1
2.2
1.6
2.1
3.1
2.5
0.5
2.3
1.6
8.4
1.2
1.2
2.8
1.1
1
2.6
0.9
0.3
2.5
2.2
2.6
2.1
1.1
0.5
2.1
3.2
0.3
2.3
1.2
1.1
1.4
1.3
2.3
1.3
1.9
0.7
1.2
1.3
1.8
2
1.9
1.5
1.3
1.1
2.4
0.4
0.5
0.8
1.2
1.4
1.5
2.4
1.2
1.8
0.2
1.2
2.6
1.1
0.2
1.5
14.1
1.1
2.5
1.2
3.3
2.2
1.2
1.7
0.8
0.6
1.6
1.1
1.7
1.8
2
2
2.3
2
2.7
0.2
1.9
2.2
0.7
1.4
1
1.1
13.8
1.5
2.9
0.4
2.1
0.9
2
0.9
1.7
1.1
2.1
1.2
0.5
0.3
1.3
1.4
1.9
2.9
0.9
1.2
7.2
0.7
0.6
1.6
1.5
1.6
7.9
2.1
2.4
1.3
1.1
1.5
1.7
1.4
0.3
1.8
3
0.7
1.2
1.8
0.2
2.2
1
2.2
0.9
0.7
3.1
2.6
1.4
1
1.8
1
1
1.8
2.4
1
1.5
2.6
0.9
1.3
1.1
1.5
1.6
1.6
0.4
2.5
1.4
2.5
2
0.6
1.4
2.2
1.3
2.9
1.4
3
2.5
1.7
1.7
0.3
1.1
1.9
2.3
2.1
2.3
1.6
2.3
1.3
0.7
0.4
2.4
0.1
2.3
1.4
1.5
3
1.4
0.2
2.5
1.1
2.5
0.7
1.2
1.2
1.3
2.6
2.1
0.5
1.5
0.8
0.9
1.1
1.1
1.5
16.3
1
1.8
0.8
2
1.7
0.3
2.2
1.4
1.1
0.7
2.1
2.7
1.2
2.2
0.2
2.1
1.4
2.6
2.2
0.5
1.9
2.2
2.1
1.6
2.5
2.3
0.4
2.9
1.8
1.6
1
1.8
0.3
0.7
1.1
2.4
0.8
0.8
2.9
0.9
1.1
1.1
2.5
1.6
2.7
2.1
1.4
2
1
2.2
1.5
0.8
1
2.2
1.7
2.1
2
0.3
0.3
1
2.2
1.9
1.5
2.8
0.8
0.2
2.7
1.9
0.4
9.7
8.1
1.8
1.5
0.7
0.8
11.8
2.5
0.9
1.7
1.3
2.3
1.5
2.2
0.6
1.8
2.7
0.7
12.5
2.7
1.9
0.2
2.5
2.4
2.2
0.6
2.2
1.3
1.7
2.8
2.7
0.4
3.2
2.9
0.8
0.9
0.7
0.7
0.5
1.8
2
0.8
3.9
1.1
0.7
0.3
3.1
0.6
1.2
0.7
2.2
1.3
3.4
2.8
2.9
2.4
1.9
4.4
0.9
2.1
2.5
3.3
1.9
1.8
1.2
1.1
1.7
1.5
3.7
1.7
1.1
1.6
2.5
2.2
0.4
1.5
1.3
2.2
1.4
1.1
2.7
12678.6
2.6
1.4
3.3
2
13.3
2.4
1
1.8
2.6
1.8
2
2.5
2.6
2.1
2.3
2.7
1.5
1.1
1.8
0.4
1
2.2
1.2
0.9
1.4
1.3
1.3
1.2
1.4
2.1
1.3
1.3
1.5
1.9
1.3
2.2
0.9
2
1.4
1.4
1.3
2.1
0.3
0.7
2.1
1.4
1
0.9
0.8
1.7
1.3
1.8
2.5
2.5
1.3
1.9
0.6
0.7
1.1
2.1
0.8
2.1
1
1.7
0.8
1.6
2.1
1.4
0.2
1.8
1.1
2.5
0.9
2.6
2.1
2.2
2.3
2.1
1.1
15.9
1.2
2.3
2
2.7
0.9
1.8
2
1.3
3
2.2
0.3
0.7
1.9
1.8
1.5
2.1
2
1.5
1.1
0.9
1.2
0.6
1.7
2.1
0.2
1.8
1.8
1.2
1
0.7
2.4
2.5
1.8
8.4
2.2
0.6
1.8
0.2
0.6
1.6
1.8
1.5
1.3
9.6
1
0.8
3.1
2.4
1.6
1.5
1.3
0.5
2.3
2.9
1.1
1.6
3
1.2
2.5
1.6
1.7
0.8
3.1
0.9
1
2.1
1.8
2.3
3
0.8
2.4
2.3
1.8
2.9
1.8
0.6
0.4
1
0.6
0.5
2.8
0.7
7.7
2
0.2
2.1
1.2
0.6
0.5
0.9
1.2
2.8
1.5
2.6
0.6
2.9
2.1
0.3
1
1.7
1.9
1.7
2.1
0.8
11
0.8
0.6
2.4
1.8
3
1.7
1.1
0.5
1.1
1.1
1.1
1.6
0.7
1.6
1.9
1.7
2.2
1.2
0.2
1.2
1.6
2.2
2.3
2.5
2.3
1.1
3.3
0.9
2.2
1.8
0.8
2.3
2.9
3.1
2.1
2.7
1.3
1.2
1.2
2.2
1.5
11.5
2.2
0.4
1.3
0.5
2.5
0.4
0.7
2.1
3.1
1.2
1.9
0.2
1.3
2.3
0.6
0.8
0.9
2.6
17.2
3.1
2.3
1.6
1.9
0.6
2.5
2.1
1.1
1.5
2
0.3
0.2
1.2
1.8
0.9
1.6
1.6
1
2.9
1.4
1.6
1.2
2
0.6
1.2
2
1
12.4
2.4
2.5
2.1
1.5
2.8
1.8
0.6
9.1
0.2
0.2
1.3
2.2
1.3
3.3
0.5
1.4
1.6
2.5
2.6
1.7
1.6
0.4
1.7
2
1.2
1.8
2.6
2.1
0.1
2.2
0.2
2
0.8
0.4
0.5
2
3.1
1.3
2.9
2.7
1.7
0.7
1.6
2
2.7
1.8
1.5
2.8
14
1.8
3.3
3.7
1.5
1.8
0.3
2
2.4
1.1
1.5
2.2
2.5
3
1.5
2.2
1.1
1
0.6
1.4
0.2
0.2
2
2
1.8
2
1.8
3.7
0.4
2
1.6
2.1
0.7
0.9
1.1
1.3
2
1.9
1.2
2.6
1.8
2.8
1.9
2.2
1.8
5.5
1.1
2
0.5
1.3
0.2
1.3
0.8
1
1.9
3
2.3
1.7
2
1.1
1.2
2.8
1.4
2.4
0.7
1.1
9.5
1.1
1
1.4
2.4
0.5
1.1
1.5
0.4
2.2
0.3
0.3
2.3
1.3
1.3
0.1
0.2
1
4.1
1.5
0.2
0.9
1.1
1.6
1.1
2.3
1.2
2.9
1.5
0.7
0.5
0.9
1.1
1.6
18.2
1.8
2.8
1.2
0.5
1.6
1
3.1
1.7
1.1
3.1
0.7
1.2
1.6
1.5
0.2
1.7
1.4
1.4
1
2.1
2.5
1.3
0.9
0.5
0.7
0.8
0.2
2.7
1.8
2
1.5
1.1
1.1
0.6
1.7
1.9
1
0.8
2.5
2.6
5.5
0.6
2.8
1.4
1.4
2.5
0.7
1.8
1.1
2.2
1.6
2.1
1.5
1.7
2.3
1.3
2.7
2
0.6
2.2
2.5
1.9
1.8
1.8
2.2
0.7
2.8
0.4
0.7
1.1
1.4
0.4
3.2
2.3
1.2
1.4
1.3
2.1
0.8
1.7
2.3
2.3
1.9
2
2.3
1.9
1.4
0.5
1.9
2.1
0.4
0.8
2.5
0.4
2.9
3.6
1.2
2.1
2.1
0.9
0.1
1.2
2.2
1.8
2
1.6
0.9
1.9
0.7
1.7
2
0.2
1.1
2.6
0.2
2.4
1.7
1.6
0.9
1.9
1.4
1
3.2
1.6
0.2
3
1.7
1.3
0.6
0.5
1.9
1.7
11.3
0.4
1.5
2.1
0.6
0.9
0.8
1
1.6
1.4
2.2
1
1.7
1.2
1.5
6.4
0.4
0.9
1.1
1.7
2.2
2.6
1.5
1.4
2.4
0.3
12305
1.7
2.4
0.1
2.7
2
1.7
1.4
2.7
1.5
1.9
0.9
1.2
2.3
3.5
1
2.9
1
2.2
2.1
1.2
2
2.6
1.2
2.5
0.6
1.2
0.3
0.6
1.3
2.7
0.2
1.1
1.5
2.4
2.1
0.4
2.7
1.9
2.1
1.2
2
0.2
0.8
2
2.2
1.1
1.2
0.6
2.1
1.6
0.9
2.5
1.3
1.7
13.6
2.7
0.8
1.1
1
2.6
2.1
2.1
1.1
2.3
3.4
2
0.2
0.2
0.8
1.2
2.7
2.6
2.4
0.9
1.1
0.2
5.9
0.8
2
2
1
0.8
0.4
2.5
0.2
1.3
1.3
2.2
0.9
1.7
1.1
1
1.5
1.1
1.4
1.7
2.3
0.7
0.8
0.3
0.9
1.2
2.1
0.2
6.7
0.2
1.7
1.3
2.4
2.5
1.3
3.1
2
2.1
2.1
3.4
1.6
0.6
2.9
3.4
2.9
1.2
2.7
1.7
2.2
3.5
2.1
0.4
11.8
1.1
1.8
1
2.8
2
2.1
0.7
1.5
1.3
0.4
2.4
1.9
1.9
2.6
1.3
2.3
1.4
2.5
1.7
1.1
1.9
1.7
0.6
3.2
2.3
2.2
1.6
2.7
1.1
1.6
0.6
1.1
0.5
1.9
2.8
1.4
1.1
0.6
0.6
0.5
2.3
1.3
2.2
1.9
1.6
17.3
0.6
2.5
0.4
1.7
0.4
1.2
1.8
2.2
1.8
2.6
3
1
0.7
3.1
2.5
1.6
1.2
1.5
1.2
1.5
13.6
1.6
1.2
1
3.1
1.1
1.2
1.1
0.2
709.4
1.4
0.3
2.8
1.2
1.8
1.5
0.7
2.8
1.2
2.7
2.7
2.6
0.7
0.4
1.9
1.3
1.8
5
1.9
1
0.5
0.9
2.5
1
2.2
1.2
0.5
0.9
0.9
0.3
1.2
2
2.3
1.6
2.7
1
1.7
1.1
1.1
1.6
2.2
2.1
1.1
0.5
1.3
0.4
1.1
1.1
1.9
1.9
1.4
1.6
2.2
2
0.6
1.1
0.9
2.2
2.3
0.8
0.1
19.7
1.4
1.1
1.1
2.4
1.3
0.4
1.2
2.4
0.6
1.3
0.4
1.9
0.2
2.6
1.3
2.4
1.9
0.9
1.3
1.6
1.5
2.5
1.1
2.2
1.6
14.1
1.8
1.3
2.1
1.8
1.2
0.2
0.2
1.1
1.8
3.1
1.4
1.2
1.8
1
0.4
1.5
1.4
2.9
0.7
1.7
3.2
2.7
0.8
2.2
1.5
0.6
2.2
1.6
1.6
0.8
1
2.6
1.5
1.8
2.8
1.8
2.4
0.8
0.8
0.9
2.1
1.8
2
2.7
0.6
1.6
1.2
2.4
1.9
1.8
1.7
1.1
1.9
1.3
2.6
1
2.3
2.5
2.3
1.6
2.4
1.2
1.9
5.4
1.9
1.1
1.9
1.2
2.1
2
1.8
1.9
1.8
0.7
1.9
0.7
1.2
0.5
2.4
2.3
1.2
0.3
2.1
0.9
1.7
0.4
0.6
1
2.7
1.3
0.2
1.8
2.9
2.4
8.8
2.9
3
2.1
0.4
0.8
1.9
1.9
0.3
1.6
3.1
0.9
5.8
3.2
4.3
0.8
2.2
1.4
2.4
1.5
1.1
0.7
15.3
5049.3
0.8
1.6
1.4
2.3
2.6
0.2
3
2.1
0.7
2.1
2.1
0.3
1.8
2
0.2
0.7
2.1
3
2.5
2.3
2.1
1.6
1.5
2.1
3.4
2.4
1
2.5
2.7
1.7
0.4
1.3
2.8
2.2
2.2
0.6
15.9
0.8
1.4
2.1
2.2
2.5
2
0.8
1.5
1.7
0.8
1.5
0.8
2.7
1.4
1
1.5
3
2.5
1
0.4
0.6
0.2
0.1
0.5
2.4
1.2
1.5
0.3
1.1
1.9
0.7
0.1
2.3
1.4
0.5
2.6
2
1.1
1
1.7
2.2
1.1
0.5
2
6.8
1.9
2
1.2
0.3
0.2
1.7
1
0.6
0.7
0.9
0.9
0.8
2.9
0.1
1.6
2.6
1.9
12751.2
0.8
0.1
2.1
1.9
0.5
3.4
1.8
3
1.5
0.5
1.2
0.7
0.5
1.9
1
2.9
0.6
0.7
1.2
0.8
2
1.3
0.6
0.3
2.1
14.8
0.4
2.9
0.8
2
1.4
3.6
2.5
9.4
1
0.9
2.5
1.9
0.5
2.2
11.9
2.2
2.4
10.5
1.9
1.7
8
0.5
2.1
1.4
12.1
2.2
1
2.8
2.2
2
2.3
2.4
1.1
2
1.8
0.4
2.3
1.7
2.4
14.8
1
1.2
1
1.8
0.7
1.2
0.6
2.5
2.4
2
2
2.2
2.4
11.3
1.3
2.4
3.1
0.8
1.3
1.3
1
0.3
1.9
0.9
1.9
1.4
2.9
2.4
3.4
1.2
1.8
1.8
0.7
2.2
2.6
1.9
1.6
1.6
1.7
0.9
2.1
1.6
0.3
2.8
0.4
0.9
0.5
2.3
2.1
1.2
1
0.8
1.6
1.6
0.3
1.7
2.1
1.2
0.7
2.5
0.4
3
2
0.8
0.3
1
2.1
1.7
2.3
0.7
2.1
2.9
2.4
1.4
1.5
1.3
1.8
0.2
1.7
0.4
1.1
2.6
2.2
0.8
1.7
1.9
1.4
3
1.6
2.4
1.7
3
0.8
0.4
1.2
0.7
2.3
1
2.3
2.5
0.9
0.3
0.4
1.1
0.3
1.2
1.6
12.4
2.4
1.3
1.2
0.8
2
1.3
0.7
1.6
0.3
2.8
1.5
0.6
2.9
2.3
1.2
0.7
0.6
0.7
2.3
1.7
1.3
2.3
2.3
0.7
2.7
0.2
0.5
10.4
0.9
10.5
1.2
1.3
1.1
2
2.2
1.6
1.8
2.8
1
7.1
1.8
3
3
3.3
0.3
0.3
1.5
2.5
1.8
1.1
1.7
2.2
2
1.8
2
3.5
2.4
0.8
1.5
10.2
11.4
1.3
1.2
14.9
0.3
1.9
1.2
0.7
2.2
2.3
1.7
2.7
0.5
0.9
2.3
1.4
1.6
0.3
1.5
2.6
3
1.3
2.1
1.4
3.9
1.6
2
0.2
2.1
2.8
1.6
0.2
15.4
0.8
1.9
0.9
2.6
0.4
0.9
1.6
1.8
1.1
0.4
3
1.8
1
0.8
1.4
0.9
1.9
12.4
1.8
0.7
2.4
2.3
2.5
1.6
1.1
2.7
2.7
1
0.4
0.9
0.5
2.2
1.7
1
0.7
2.3
0.6
1.3
2.5
0.2
2.4
1
2.8
0.8
2.4
0.2
0.1
1.1
2
2.2
0.2
2
0.6
2.6
0.4
1.4
1.2
1.3
1.5
2.1
0.5
0.2
0.6
0.8
2.7
1.5
2.8
0.4
0.6
1.2
2.1
0.6
1.3
1.4
1
2.6
1
1.9
2.4
2.5
6.4
1.3
0.4
0.9
0.4
1.1
1.4
2.3
2.1
1.1
1.8
1.1
1.8
1.5
0.5
1.6
2.1
1.2
2.5
1.7
1.3
0.2
3.2
0.7
1.3
1.2
2.4
0.7
1.6
1.7
1.8
2.7
0.6
1.6
0.6
2.1
3001.4
17.9
1.7
2.4
2.1
2.4
0.6
1.8
2.7
1.9
1.8
1.6
2
2.5
2.1
1
1
3.5
0.8
0.2
2
0.9
3.2
1.8
1.7
3.3
0.1
0.8
1.4
1.4
1.2
1.5
3.2
0.1
1.4
0.8
0.7
3
1.3
3.4
3.3
2.7
1.1
1.2
0.8
1.6
1.3
1.9
0.6
1.9
0.5
1.4
2.7
1.7
0.4
1
0.8
13.4
1.2
1.1
2.2
1.8
1.5
1.4
1.3
1.7
0.6
0.3
1.9
2
2
0.6
0.8
1.3
1.5
1.6
0.3
1.3
1.9
1.7
6.3
1.4
0.4
0.2
0.6
2.1
0.6
2.4
2.2
2.2
3.1
10.8
0.6
1.8
2
0.5
0.1
0.8
2
2.5
2.6
1.7
0.7
2.3
1.2
1.7
1.9
2.7
2.5
2.7
1
0.8
1.7
1.6
1.8
0.7
3.2
3.5
3.2
1.5
1.7
12.4
1.3
0.3
2.5
1.1
3
13.3
0.8
2.4
2.7
0.4
2.1
2.8
1.5
2.1
0.2
1.6
0.4
2.6
1.1
2.6
2.9
1.5
0.6
1.5
2.1
1.2
1.8
1.3
2.4
1
0.2
1.4
2.1
2.2
1.1
2.6
1.9
1.7
3
6.7
1
2.2
1.4
1.9
1.4
0.7
2.1
2.7
1.6
0.2
1.3
5.5
1.9
0.5
2.7
2.7
2.7
2.2
2.2
0.2
2.1
2
1.4
1
2.1
1
1.4
1.4
1.3
0.7
1.3
2
0.6
1.5
1.8
0.7
0.8
1.8
0.4
0.9
1.1
0.4
1.7
1.7
10.6
1.7
2.5
0.7
1.2
0.5
1
1.4
2
0.6
2.2
2
3.2
0.7
2.2
1.2
2.3
0.2
1.1
1.8
1.4
3.3
2
1.9
0.5
1.2
0.2
15.7
1.8
1.8
0.1
2
2.6
0.6
2.7
1.8
1.9
2.2
0.2
3.1
1.8
2.5
1.2
1.2
2
2.4
0.4
0.9
2.1
0.6
2.4
1.2
2
1.8
0.5
0.4
1.9
1.9
0.8
2.2
1.4
0.3
1
1.6
10.5
0.6
3.2
1.7
2
2.3
2.5
2.2
0.3
1.2
1.6
0.2
2.5
1.4
1.7
0.3
0.5
0.7
2.3
1.7
3
1.1
1.8
