5154639.175257732
6968641.114982578
10238907.849829352
12539184.952978056
16501650.165016502
19354838.70967742
23102310.231023103
26402640.264026403
29900332.22591362
33003300.330033004
36065573.7704918
38585209.00321543
38922155.68862276
42296072.50755287
43478260.86956522
35010940.9190372
48991354.46685879
51575931.23209169
56379821.95845697
55401662.0498615
41501976.28458498
65868263.473053895
49676025.917926565
44526901.66975881
48262548.26254826
39877300.61349693
57082452.43128964
58700209.64360587
37516170.76326003
67114093.95973155
55357142.85714286
57657657.65765766
59782608.69565217
62730627.306273066
49575070.821529746
71287128.71287128
50408719.34604905
63758389.26174497
77227722.77227722
63091482.64984227
80867850.09861933
61674008.810572684
65950920.245398775
58124174.372523114
75376884.42211056
76285240.46434495
84078711.98568873
83333333.33333333
